NOAA 15                 
1 25338U 98030A   24270.79052722  .00000533  00000+0  23779-3 0  9991
2 25338  98.5635 295.7768 0010827  33.7912 326.3956 14.26720337371927
NOAA 19                 
1 33591U 09005A   24270.83833421  .00000463  00000+0  27207-3 0  9995
2 33591  99.0364 327.6661 0013798  10.1554 349.9894 14.13129349805982
GOES 18                 
1 51850U 22021A   24270.61318890  .00000080  00000+0  00000+0 0  9993
2 51850   0.0365   0.2558 0000606 263.6019 185.7982  1.00271657  9507
METEOR-M 2              
1 40069U 14037A   24270.84643617  .00000410  00000+0  20814-3 0  9990
2 40069  98.4460 260.5859 0006944  67.7396 292.4518 14.21068603530064
METEOR-M2 4             
1 59051U 24039A   24270.86234973  .00000194  00000+0  10662-3 0  9996
2 59051  98.6102 230.3076 0006841 180.4588 179.6585 14.22271371 29947
NOAA 18                 
1 28654U 05018A   24270.80156812  .00000553  00000+0  31808-3 0  9990
2 28654  98.8676 346.8967 0015098 133.2245 227.0191 14.13341034997615
METEOR-M2 3             
1 57166U 23091A   24270.86464298  .00000122  00000+0  72434-4 0  9990
2 57166  98.7022 324.5756 0003923 179.0872 181.0315 14.23928852 65091
GOES 16                 
1 41866U 16071A   24270.58702688 -.00000265  00000+0  00000+0 0  9991
2 41866   0.0812 286.2620 0000856 338.4979 237.2505  1.00271103 28791
METEOR-M2 2             
1 44387U 19038A   24270.82816152  .00000588  00000+0  27604-3 0  9997
2 44387  98.8399 240.5123 0002176  56.7849 303.3537 14.23987111271850
