NOAA 19                 
1 33591U 09005A   24246.48149597  .00000603  00000+0  34680-3 0  9992
2 33591  99.0407 303.0759 0014748  76.1852 284.0960 14.13100062802548
METEOR-M2 4             
1 59051U 24039A   24246.52117233  .00000205  00000+0  11179-3 0  9998
2 59051  98.6051 206.5374 0005861 259.7759 100.2759 14.22258942 26485
GOES 18                 
1 51850U 22021A   24246.11462517  .00000084  00000+0  00000+0 0  9991
2 51850   0.0184 267.9128 0000381 299.5051  38.5939  1.00273383  9252
METEOR-M2 2             
1 44387U 19038A   24246.51622855  .00000692  00000+0  32125-3 0  9991
2 44387  98.8349 216.0735 0002440  93.4453 266.7004 14.23952251268398
NOAA 18                 
1 28654U 05018A   24246.44820994  .00000661  00000+0  37580-3 0  9995
2 28654  98.8705 322.7606 0013989 200.2384 159.8236 14.13307770994176
METEOR-M 2              
1 40069U 14037A   24246.48451341  .00000549  00000+0  27198-3 0  9999
2 40069  98.4427 237.2902 0006710 126.3847 233.7951 14.21041757526606
METEOR-M2 3             
1 57166U 23091A   24246.48158081  .00000163  00000+0  90399-4 0  9996
2 57166  98.7064 300.4377 0002866 263.2215  96.8638 14.23919808 61628
GOES 16                 
1 41866U 16071A   24245.91233405 -.00000261  00000+0  00000+0 0  9992
2 41866   0.0821 280.1400 0000460 301.0318  13.6015  1.00270635 28559
NOAA 15                 
1 25338U 98030A   24246.52505326  .00000703  00000+0  30837-3 0  9990
2 25338  98.5658 272.0281 0011505  98.5040 261.7444 14.26687983368463
