GOES 16                 
1 41866U 16071A   24269.87190431 -.00000264  00000+0  00000+0 0  9997
2 41866   0.0827 285.9086 0000854 337.9667 339.9876  1.00271297 28790
METEOR-M2 2             
1 44387U 19038A   24270.47683670  .00000577  00000+0  27113-3 0  9998
2 44387  98.8398 240.1590 0002187  57.5835 302.5555 14.23986727271807
NOAA 19                 
1 33591U 09005A   24270.48431379  .00000455  00000+0  26739-3 0  9992
2 33591  99.0365 327.3088 0013814  11.1287 349.0188 14.13128952805937
METEOR-M 2              
1 40069U 14037A   24270.49438829  .00000392  00000+0  19987-3 0  9996
2 40069  98.4459 260.2492 0006954  68.6067 291.5852 14.21068237530017
METEOR-M2 3             
1 57166U 23091A   24270.51330295  .00000111  00000+0  67768-4 0  9993
2 57166  98.7023 324.2279 0003898 180.1107 180.0072 14.23928711 65042
NOAA 18                 
1 28654U 05018A   24270.44759871  .00000538  00000+0  30978-3 0  9994
2 28654  98.8676 346.5459 0015086 134.2026 226.0388 14.13340570997568
GOES 18                 
1 51850U 22021A   24270.46160640  .00000080  00000+0  00000+0 0  9994
2 51850   0.0317   0.1866 0000599 262.3961 132.3542  1.00271569  9500
METEOR-M2 4             
1 59051U 24039A   24270.51059991  .00000178  00000+0  99641-4 0  9990
2 59051  98.6101 229.9640 0006822 181.4855 178.6304 14.22271152 29893
NOAA 15                 
1 25338U 98030A   24270.51000443  .00000515  00000+0  23042-3 0  9997
2 25338  98.5635 295.5023 0010842  34.5673 325.6210 14.26719990371882
